41
188
200
49
99
13
44
184
118
147
110
171
100
158
141
181
47
95
79
7
30
77
17
66
86
179
26
128
39
18
173
181
151
106
62
6
88
107
136
119
58
53
130
11
151
74
199
36
152
171
59
155
31
133
143
35
173
33
93
111
148
12
178
24
27
21
130
113
54
43
67
66
161
76
62
193
130
105
114
45
109
105
67
109
11
151
48
167
162
45
39
84
133
78
121
47
24
73
45
112
139
87
129
68
35
185
89
169
157
50
178
8
199
56
68
61
185
98
43
66
176
35
84
107
129
85
122
194
183
51
53
187
198
89
113
36
5
103
13
146
44
1
140
159
103
24
51
163
118
196
179
195
135
180
131
99
14
82
180
42
37
179
23
52
136
191
178
160
114
139
187
93
192
117
151
99
76
62
78
120
37
87
199
153
78
30
50
54
67
50
58
113
162
40
71
30
151
60
10
76
33
56
13
185
127
169
74
39
35
70
144
126
65
43
44
87
120
134
120
70
17
160
200
97
135
126
123
132
14
127
178
144
21
132
155
139
171
75
136
134
2
12
182
32
120
34
72
154
98
87
200
97
129
69
38
169
91
125
181
62
18
136
152
38
141
106
189
4
27
118
48
63
8
43
171
46
106
107
33
65
127
6
20
87
56
105
144
17
157
154
144
110
120
30
50
155
13
61
3
170
141
29
69
18
147
85
43
198
136
181
72
68
104
57
143
45
97
99
114
22
14
64
11
23
135
200
16
4
55
97
11
47
40
117
18
64
95
185
46
173
95
138
114
133
155
81
42
126
71
123
191
51
95
125
84
4
191
81
145
41
188
41
197
149
31
77
63
33
82
36
47
113
121
199
170
169
29
29
23
200
70
157
190
139
144
136
184
168
51
5
2
45
135
23
170
89
19
101
152
44
118
25
121
187
133
189
95
170
70
1
40
39
130
200
56
5
199
103
30
107
43
30
8
76
63
37
143
100
118
75
135
111
32
42
114
64
27
64
37
32
7
62
145
65
123
61
54
141
76
30
117
94
121
105
68
72
181
15
193
31
87
29
113
126
44
24
156
170
53
34
58
170
97
196
120
17
200
50
138
11
140
111
24
184
60
151
154
37
89
83
90
186
116
21
37
84
68
200
164
175
98
97
184
194
150
135
150
22
170
189
24
17
151
4
163
122
147
83
117
93
122
128
49
73
99
78
120
167
35
115
101
107
180
93
139
117
146
149
36
16
145
88
96
46
49
12
152
126
48
118
7
87
153
6
96
131
133
5
193
167
126
157
118
25
118
102
60
114
46
115
27
82
57
75
148
86
132
42
182
93
134
150
164
190
72
124
27
57
115
128
94
46
29
117
55
136
169
171
94
24
98
165
157
153
199
98
45
25
139
128
177
106
156
83
47
70
196
153
195
115
196
9
111
141
122
168
34
59
78
35
40
65
73
114
128
131
10
70
30
172
38
160
157
119
69
180
17
87
11
200
63
76
171
9
47
24
97
62
61
142
111
141
26
24
148
81
190
123
116
170
126
164
23
34
168
22
42
37
54
1
168
21
59
134
71
53
52
157
17
57
3
163
98
47
122
63
26
59
11
190
93
174
17
115
32
171
149
141
111
164
19
104
64
45
162
94
140
28
8
112
94
61
34
156
182
109
129
17
56
162
200
77
107
17
16
53
196
198
173
77
185
139
82
164
128
73
18
67
82
16
193
50
125
168
157
22
52
41
110
3
110
100
187
104
58
85
163
183
173
87
36
48
87
200
31
151
162
116
101
19
134
74
189
154
172
134
127
39
147
5
135
68
55
73
44
41
182
80
186
177
50
90
19
67
45
37
37
45
145
71
49
118
23
69
134
116
132
146
136
33
120
42
43
140
190
111
106
132
182
47
29
8
60
197
84
19
173
19
13
8
22
87
168
61
6
109
9
60
57
99
73
11
140
68
71
67
84
89
18
81
42
134
59
43
182
157
79
115
116
122
177
129
94
66
163
36
124
156
10
63
46
132
181
147
87
20
186
2
150
66
182
2
169
49
190
18
85
195
176
19
32
92
145
55
183
13
181
8
17
160
131
12
116
176
182
122
199
91
91
142
123
55
97
166
17
79
65
21
1
126
150
34
151
4
131
48
47
13
61
137
9
52
36
73
151
26
168
166
85
88
142
42
128
152
88
121
104
161
96
107
125
15
16
37
172
191
37
127
173
97
120
96
156
69
166
30
124
6
95
165
20
122
6
174
152
32
166
16
15
44
189
153
114
102
47
63
16
14
169
56